//Laenge = 3.000000
//h1 = 1.000000
//h2 = 1.000000
//dh1 = 0.100000
//dh2 = 0.100000
//r1 = 11.300000
//r2 = 11.300000
//foo
Point(1) = {1.500000, -10.200000, 0.0, 0.100000};
Point(2) = {1.500000, -10.190000, 0.0, 0.100000};
Point(3) = {0.000000, 0.000000, 0.0, 0.100000};
Point(4) = {3.000000, 0.000000, 0.0, 0.100000};
Point(5) = {0.000000, 1.000000, 0.0, 0.100000};
Point(6) = {3.000000, 1.000000, 0.0, 0.100000};
Point(7) = {1.500000, 1.100000, 0.0, 0.100000};
Line(1) = {3, 4};
Line(2) = {3, 5};
Line(3) = {4, 6};
Circle(4) = {5, 1, 7};
Circle(5) = {7, 1, 6};
Line Loop(1) = {1,3,-5,-4,-2};
Plane Surface(1) = {1};
Point(8) = {0.000000, 1.010000, 0.0, 0.100000};
Point(9) = {3.000000, 1.010000, 0.0, 0.100000};
Point(10) = {1.500000, 1.110000, 0.0, 0.100000};
Line(6) = {5, 8};
Line(7) = {6, 9};
Circle(8) = {8, 2, 10};
Circle(9) = {10, 2, 9};
Line Loop(2) = {4,5,7,-9,-8,-6};
Plane Surface(2) = {2};
Point(11) = {1.500000, -9.190000, 0.0, 0.100000};
Point(12) = {0.000000, 1.990000, 0.0, 0.100000};
Point(13) = {3.000000, 1.990000, 0.0, 0.100000};
Point(14) = {1.500000, 2.090000, 0.0, 0.100000};
Line(10) = {8, 12};
Line(11) = {9, 13};
Circle(12) = {12, 11, 14};
Circle(13) = {14, 11, 13};
Line Loop(3) = {8,9,11,-13,-12,-10};
Plane Surface(3) = {3};
Point(15) = {0.000000, 2.000000, 0.0, 0.100000};
Point(16) = {3.000000, 2.000000, 0.0, 0.100000};
Point(17) = {1.500000, 2.100000, 0.0, 0.100000};
Line(14) = {12, 15};
Line(15) = {13, 16};
Circle(16) = {15, 11, 17};
Circle(17) = {17, 11, 16};
Line Loop(4) = {12,13,15,-17,-16,-14};
Plane Surface(4) = {4};
Point(18) = {0.000000, 3.000000, 0.0, 0.100000};
Point(19) = {3.000000, 3.000000, 0.0, 0.100000};
Line(18) = {15, 18};
Line(19) = {16, 19};
Line(20) = {18, 19};
Line Loop(5) = {16,17,19,-20,-18};
Plane Surface(5) = {5};
Physical Surface(1) = {1};
Physical Surface(2) = {2};
Physical Surface(3) = {3};
Physical Surface(4) = {4};
Physical Surface(5) = {5};
Mesh 1;
Mesh 2;
Save "mylaminate.m";
